1182547092
1208221543
1176129893
1198606436
1158588224
1196984640
1159542259
1213049020
1174820787
1129759677
1197043989
1184391618
1209889782
1206553433
1140843380
1197057157
1156960719
1184030270
1197029054
1157171418
1191372811
1148615527
1168978399
1156137396
1145749657
1135212071
1134789517
1166462689
1165056385
1151411061
1215145625
1153130349
1130809465
1133207146
1200597263
1150127283
1141782198
1197021090
1167515091
1132431999
1136608164
1180325220
1215868605
1174121386
1177608268
1181479848
1146738089
1223170290
1139512776
1156956890
1202057891
1159484260
1153146773
1145022970
1169170504
1156994049
1134411737
1196321162
1165277268
1143261428
1166506614
1142983825
1164477708
1168481509
1141962025
1182108611
1201656210
1216173720
1133883850
1137489544
1209343409
1166139870
1157656960
1208430144
1231148626
1133924528
1145374818
1172198295
1137026567
1162727816
1180468714
1144386801
1152969678
1201173969
1224854794
1162099055
1158432527
1207153645
1197656406
1136039994
1167576951
1201476594
1198246700
1165324947
1198616956
1138817132
1175538883
1219042200
1149403151
1178493295
1179264259
1197160875
1128267392
1149707767
1172617973
1191170056
1189893949
1190363679
1140828898
1176011916
1232237440
1167965563
1134109950
1169696969
1165507389
1165371200
1186559664
1207639951
1204828304
1202599845
1182081931
1214346700
1158123451
1171949255
1217522067
1222301562
1166129534
1201947430
1149071982
1180745961
1170821064
1137411798
1158537997
1158605484
1201730379
1203503423
1179046874
1226286910
1170266927
1167209519
1134220362
1222975902
1205523418
1211752857
1181982220
1164832776
1134543109
1195828337
1173152133
1199177582
1153013870
1133911335
1147094660
1214028719
1211361116
1221509404
1197990888
1207222725
1176340473
1219596233
1217102150
1171026502
1150912706
1197305828
1132223692
1178737655
1149477047
1132001614
1154009261
1131513930
1197569406
1207091162
1142423471
1167788341
